Bin Id	Marker lineage	# genomes	# markers	# marker sets	0	1	2	3	4	5+	Completeness	Contamination	Strain heterogeneity
GCA_001567085.1_ASM156708v1_genomic	k__Bacteria (UID1452)	924	163	110	17	146	0	0	0	0	87.27	0.00	0.00
GCA_001567105.1_ASM156710v1_genomic	k__Bacteria (UID1452)	924	163	110	13	148	2	0	0	0	90.73	1.82	0.00
GCA_001567115.1_ASM156711v1_genomic	k__Bacteria (UID2495)	2993	143	89	4	136	3	0	0	0	96.82	2.81	33.33
GCA_001567165.1_ASM156716v1_genomic	p__Bacteroidetes (UID2591)	364	303	203	23	279	1	0	0	0	93.94	0.25	0.00
GCA_001567175.1_ASM156717v1_genomic	k__Bacteria (UID2570)	433	273	183	15	257	1	0	0	0	92.76	0.55	0.00
GCA_001567185.1_ASM156718v1_genomic	o__Cytophagales (UID2936)	47	454	336	45	404	5	0	0	0	89.59	1.04	20.00
GCA_001567195.1_ASM156719v1_genomic	k__Bacteria (UID2570)	433	273	183	11	254	8	0	0	0	94.26	3.07	0.00
GCA_001567245.1_ASM156724v1_genomic	k__Bacteria (UID2495)	2993	143	89	42	101	0	0	0	0	62.31	0.00	0.00
GCA_001567255.1_ASM156725v1_genomic	p__Bacteroidetes (UID2591)	364	302	202	12	290	0	0	0	0	94.88	0.00	0.00
GCA_001567275.1_ASM156727v1_genomic	p__Bacteroidetes (UID2605)	350	316	210	10	303	3	0	0	0	95.24	0.95	0.00
GCA_001567305.1_ASM156730v1_genomic	k__Bacteria (UID2495)	2993	143	89	41	101	1	0	0	0	65.20	0.10	0.00
GCA_001567325.1_ASM156732v1_genomic	k__Bacteria (UID2570)	433	273	183	14	259	0	0	0	0	92.90	0.00	0.00
GCA_001567345.1_ASM156734v1_genomic	k__Bacteria (UID2565)	2921	149	91	6	141	2	0	0	0	94.51	1.65	0.00
GCA_001567355.1_ASM156735v1_genomic	k__Bacteria (UID2495)	2993	143	89	33	109	1	0	0	0	67.81	1.12	0.00
GCA_001567365.1_ASM156736v1_genomic	k__Bacteria (UID1453)	901	171	117	55	115	1	0	0	0	60.41	0.85	0.00
GCA_001567405.1_ASM156740v1_genomic	p__Bacteroidetes (UID2591)	364	302	202	6	293	3	0	0	0	97.28	1.49	0.00
GCA_001567425.1_ASM156742v1_genomic	k__Bacteria (UID1452)	924	161	108	28	132	1	0	0	0	78.67	0.93	0.00
GCA_001567435.1_ASM156743v1_genomic	c__Betaproteobacteria (UID3959)	235	414	211	5	403	6	0	0	0	99.03	1.57	50.00
GCA_001567445.1_ASM156744v1_genomic	k__Bacteria (UID3187)	2258	181	110	19	156	6	0	0	0	91.00	4.32	0.00
GCA_001567485.1_ASM156748v1_genomic	k__Bacteria (UID1452)	924	163	110	3	160	0	0	0	0	97.27	0.00	0.00
GCA_001567505.1_ASM156750v1_genomic	k__Bacteria (UID3187)	2258	188	117	15	170	3	0	0	0	87.82	1.71	0.00
GCA_001567515.1_ASM156751v1_genomic	k__Bacteria (UID203)	5449	104	58	27	77	0	0	0	0	63.32	0.00	0.00
GCA_001567545.1_ASM156754v1_genomic	k__Bacteria (UID2570)	433	273	183	28	240	5	0	0	0	86.50	2.19	20.00
